Ackermann
(1.3437114, 0.6694392, 1.5491164)
(-0.0, -0.09, -0.31)
()
Int32Double
(1.4685147, 0.5831061, 1.1409489)
(-0.12, -0.02, -0.44)
()
ln2
(1.2081188, 0.44638905, 1.1483799)
(0.24, 0.29, -0.17)
()
Cdouble
(1.5555003, 0.56758225, 0.98282218)
(-0.17, 0.07, 0.48)
()
Callfunc
(1.6283038, 0.85119456, 1.2694743)
(-0.03, -0.05, -0.02)
()
Dither
(1.8356575, 0.62728184, 0.9394263)
(-0.03, 0.09, 0.07)
()
Euler
(1.2789925, 0.46353871, 1.0379455)
(0.12, 0.26, 0.28)
()
Fibonacci
(1.3829157, 0.61333233, 1.2275194)
(-0.01, 0.0, 0.01)
()
Gamma
(1.6487051, 0.55866724, 0.83855182)
(-0.04, 0.0, 0.18)
()
I32f
(1.8133262, 0.63251591, 0.92220521)
(-0.15, -0.05, 0.17)
()
('Total error ', 395.16, '%')

